1.3126018,3.0459567,-0.2182462,0.0384299,0.0000000
1.2423776,3.1262875,-0.2160478,1.1259246,0.0000000
1.2573241,2.4285805,0.1250123,1.1810732,0.0000000
-1.1146364,2.5042626,0.1508490,0.1121436,0.0000000
-1.1454483,3.0724437,-0.2212610,1.1390436,0.0000000
-1.1229603,2.4708515,0.1262626,0.1457551,0.0000000
-1.4512210,2.4432924,0.1690426,0.0633811,0.0000000
-1.3174001,2.4443809,-0.2230434,1.1288995,0.0000000
1.4268444,2.4584453,-0.2053976,0.1294256,0.0000000
1.2472065,2.5055858,0.1597002,1.1811458,0.0000000
1.2186470,3.0444655,0.1645784,0.1435816,0.0000000
-1.3862323,3.0815293,0.1525252,1.1674688,0.0000000
-1.2540183,3.0976410,0.1421631,1.1468638,0.0000000
-1.1726507,3.1234034,-0.1864539,0.1206438,0.0000000
-1.4365634,2.5102080,-0.2234710,1.0912926,0.0000000
1.0971754,3.1009222,0.1647950,1.0980693,0.0000000
-1.3616883,2.5037418,0.1592932,0.0417904,0.0000000
-1.2955778,2.4406270,0.1501672,0.1754830,0.0000000
-1.3802718,2.4787375,0.1604707,1.1043244,0.0000000
1.4109505,3.0710409,-0.2152266,0.1101603,0.0000000
-1.3819243,2.5065133,-0.2003814,1.1440846,0.0000000
1.2453173,3.0524385,-0.2218963,0.1697489,0.0000000
-1.4316805,3.0650810,0.1652363,0.1516260,0.0000000
1.1616638,3.1012378,0.1589916,1.1692380,0.0000000
1.4486135,3.1186977,-0.2147372,0.0397253,0.0000000
-1.4523182,3.0639822,0.1559278,1.1805922,0.0000000
1.2240669,2.4462341,0.1598721,1.1801795,0.0000000
-1.3527875,2.4766625,-0.2323529,0.0850306,0.0000000
-1.1581284,2.4454859,-0.2109243,1.0981639,0.0000000
1.2067472,2.5001805,-0.2272799,1.1676946,0.0000000
-1.1776492,2.5059841,-0.2257852,0.0813632,0.0000000
-1.2666560,3.1133350,-0.2160729,1.0849855,0.0000000
-1.2138059,3.1282180,0.1211013,1.1016571,0.0000000
1.2801483,2.5007692,-0.2245617,0.1800390,0.0000000
-1.4517998,3.0999818,-0.2074597,1.2123535,0.0000000
1.3127075,3.1037351,0.1267886,0.0735594,0.0000000
-1.1368580,2.4574364,0.1527753,0.1048771,0.0000000
1.3073308,3.1205070,0.1675019,0.1072990,0.0000000
1.3444002,3.1299192,-0.2326844,1.0854587,0.0000000
1.4431816,2.4721782,0.1710822,0.1343041,0.0000000
1.1737272,2.4536270,-0.2161343,0.1039306,0.0000000
1.2835144,3.0650329,0.1631660,0.1350918,0.0000000
-1.2771880,2.4331825,0.1703185,0.1104363,0.0000000
-1.2822107,2.4428344,-0.2316766,0.1018882,0.0000000
-1.2817797,3.0676488,-0.1867057,1.1096953,0.0000000
1.2580132,3.0698381,-0.1951066,0.0594826,0.0000000
1.1541459,2.4670668,-0.2091161,0.0416820,0.0000000
-1.1581962,2.4432667,-0.2095974,0.0488230,0.0000000
-1.3214329,2.4678218,-0.1934477,1.1003243,0.0000000
-1.2731632,2.4447999,0.1611434,1.0955256,0.0000000
